61
37 92 62 4
18 88 23 99
95 14 71 60
84 70 3 21
64 26 30 49
81 1 19 93
45 67 13 35
58 11 41 87
6 96 73 51
29 76 8 12
39 98 74 2
68 22 57 85
79 32 36 55
47 42 9 83
77 91 34 16
27 50 53 25
80 10 7 65
46 17 59 20
89 24 69 75
97 94 15 38
63 72 86 31
54 33 40 78
56 5 90 43
44 61 28 48
66 82 52 100
101 105 103 104
107 106 109 108
110 114 111 113
116 115 118 117
112 120 122 119
124 121 125 123
128 126 127 129
131 134 130 133
135 139 137 138
141 136 143 140
142 144 145 146
150 149 151 147
152 154 153 156
155 158 159 157
162 160 161 163
167 166 164 169
168 171 170 173
174 172 176 175
178 177 179 181
180 183 182 185
184 187 186 188
191 193 190 194
199 192 198 196
195 197 200 201
202 204 203 206
209 208 207 211
210 213 214 215
217 216 219 220
221 218 222 225
226 228 224 227
230 229 232 233
234 236 238 237
239 241 235 240
243 244 245 242
247 249 246 251
250 252 253 254